detected shot:
387
503
722
1091
1462
1713
1851
1945
2113
2170
2235
2297
2430
2723
2773
3023
3148
3411
3570
3657
3735
3837
4422
4504
4711
4856
4900
4930
5018
5071
5118
5315
5363
5446
5610
5711
5796
5871
5903
5939
6026
6156
6209
6255
6297
6380
6445
6646
6665
6745
6819
6929
7005
7292
7336
7554
7591
7641
7691
7741
7791
7816
7866
7916
7966
8016
8141
8310
8369
8422
8473
8572
8797
8897
8944
9007
9039
9187
9281
9406
9464
9547
9607
9696
9742
10061
10137
10224
11212
11292
11381
11466
11755
11806
11866
11915
12000
12011
12180
12275
12344
12395
12515
12551
12632
12652
12687
12761
12824
12856
12910
12955
13042
13097
13116
13249
13297
13327
13374
13584
13780
13856
13885
14019
14171
14217
14437
14481
14546
14620
14751
14849
14855
15743
16053
16203
16453
17404
17554
17605
17703
17754
17904
18169
18179
18427
18461
18926
18936

